DA  =[0.892	0.9022	0.9156	0.9151	0.9234	0.9265	0.9303	0.939];
TL = [0.7801	0.8894	0.908	0.9134	0.9141	0.917	0.9209	0.9323];
Naive = [0.5 0.8301	0.8274	0.8573	0.8701	0.8938	0.8991	0.9276];
